	y_test	y_pred
0	19	22.065676394001596
1	23	27.118466691289832
2	25	22.01324770856807
3	33	26.46339157316553
4	45	42.1480661509803
5	23	19.17397015459524
6	25	21.8517339037737
7	26	20.84368189101388
8	17	25.775125718700977
9	20	26.415823523913666
10	57	43.94557951211493
11	45	43.606399307225104
12	22	33.53865522914131
13	46	45.59081657600647
14	33	27.70285252004018
15	25	25.460585312233718
16	18	19.45150816528062
17	33	27.36890633064258
18	25	23.866673598667607
19	23	19.987435419956036
20	24	36.2687332437336
21	29	26.688836621559904
22	43	34.32853702297162
23	26	32.27567882220262
24	18	24.296062534047852
25	49	57.07732038215452
26	21	20.2170453632591
27	25	33.27730235234327
28	24	23.6827792335027
29	18	21.778197364601443
30	78	73.15138890442344
31	55	53.88970990444274
32	25	24.61777834269025
33	28	27.678803280919716
34	36	38.20114812804639
35	21	25.715490601648057
36	21	19.36342174530087
37	58	52.04582619494036
38	56	58.316027365844164
39	30	35.438558143764354
40	27	28.400525127326212
41	72	65.93931021740588
42	32	34.94799678394441
43	17	22.853588252864867
44	22	24.139385272680503
45	28	23.17910679203463
46	49	37.03936259917384
47	46	43.629218757693465
48	78	66.80292117462689
49	61	54.62686201139752
50	18	27.37009199156137
51	20	22.863521314621853
52	59	56.60846056297858
53	25	27.83899897645153
54	24	28.944459201746966
55	19	20.311913074588084
56	25	24.74155575493631
57	19	20.57651532240631
58	69	72.04702484120304
59	19	25.267129806351672
60	53	44.14358369998041
61	22	23.8768207501559
62	22	35.55709227825633
63	23	24.114782430366194
64	36	28.103109657628316
65	64	69.56740545912074
66	22	22.142350842759846
67	20	25.698153134157707
68	20	22.85093696747985
69	20	19.526130536286644
70	53	42.371015334911085
71	40	30.352609301076427
72	24	30.292801451562298
73	68	56.21741135524688
74	50	49.14844590553782
75	32	33.15473465538343
76	53	57.413431849190125
77	19	23.351750426737034
78	21	21.23188439230797
79	31	29.141894897188955
80	37	45.50498166548144
81	83	46.51409842553447
82	29	23.309700307923034
83	37	44.64500673732505
84	20	24.22296964728388
85	33	39.863207748026554
86	43	42.16529897795528
87	21	22.49017039310408
88	30	28.366772889716977
89	59	40.73304551793313
90	30	25.437728805809645
91	21	23.843858037458702
92	62	58.716274834354806
93	30	32.21618425558879
94	22	19.58568455936063
95	52	44.48202487665181
96	66	61.68628902302187
97	23	24.892956910212
98	29	35.12867445924203
99	50	34.382305685255616
100	25	18.022161002285852
101	22	25.88159769930831
102	29	25.63569052302605
103	23	26.445695454339155
104	19	23.315907901579173
105	27	27.22851170145775
106	19	20.51384437793414
107	25	20.948982300953325
108	18	16.912724149218086
109	37	28.151512124040146
110	62	73.05936380953571
111	47	46.47381403458874
112	18	20.164298059959506
113	58	55.484225407321304
114	46	32.24278595915435
115	27	21.271513174865163
116	22	21.95637072683736
117	56	34.15831283228002
118	22	21.339455038845273
119	67	62.546555349293925
120	72	62.34115723109841
121	23	23.99586033001085
122	35	32.17768729491708
123	21	28.56397849049039
124	24	27.31571777693427
125	25	28.225949586713348
126	43	41.09701504027581
127	55	56.638537878989396
128	33	40.51007630106436
129	69	47.18795694728549
130	42	47.813144404247794
131	38	42.25348786948656
132	28	24.170311638533807
133	27	22.963733682231467
134	23	23.98535573412046
135	20	21.355324807116652
136	29	27.218521480146986
137	47	54.42028309435436
138	28	25.862717160500708
139	23	25.63508161682074
140	44	46.34869051826749
141	39	41.01138855588494
142	30	24.226635779790485
143	21	35.54036912073187
144	33	37.45979633621665
145	19	23.857813580961512
146	29	27.251302614152728
147	59	61.84829931613525
148	24	29.074580016890955
149	22	21.067395052245402
150	27	27.903182221691083
151	19	34.073252374491894
152	18	21.297999046411906
153	52	51.74452440519547
154	23	24.265935467601665
155	19	24.314104634040966
156	40	38.9328938359636
157	55	51.27549228175433
158	30	22.55182631229097
159	37	32.70979263484188
160	20	27.37707242836499
161	29	28.86333472878175
162	51	54.70679666187121
163	20	21.614997107065122
164	47	36.07208364916932
165	23	22.827995149676877
166	26	27.754239094754247
167	25	23.76368977701041
168	30	21.533120769846267
169	26	28.971670775789466
170	38	41.477155947580016
171	21	24.889451812146437
172	62	54.20555829619989
173	55	51.79254047119005
174	80	73.5323887179378
175	25	35.473214934154555
176	20	15.469302859159441
177	43	46.11591498231271
178	34	23.441019270653882
179	35	34.02113407954512
180	83	62.30106168962389
181	24	25.407211742498216
182	21	29.200857412537424
183	25	25.107193621035982
184	42	44.351610702268985
185	31	26.86945705823286
186	40	31.38026283825225
187	18	18.200464843837146
188	22	27.93643645697981
189	28	36.41939429243084
190	26	26.662458151697454
191	49	51.91420156396518
192	29	25.185937205572834
193	21	23.977160048199927
194	68	70.81228425074653
195	23	21.944119870519323
196	23	21.419672121284915
197	19	24.497247516510953
198	41	48.498532928839985
199	23	27.413648293571622
200	22	23.96439331964331
201	22	23.10579486146156
202	55	38.5518740020749
203	56	54.059885849956174
204	21	22.074708779970724
205	21	24.352146081716914
206	23	29.41442825959966
207	19	20.790305135743978
208	21	28.01850995420559
209	63	61.47806986242291
210	40	29.1838888889112
211	18	17.056737803704557
212	22	23.346110635668936
213	44	39.18290811561537
214	58	48.90406261742134
215	40	45.577290023855056
216	79	68.84871871592436
217	55	40.754495498441614
218	62	52.92092363857793
219	52	46.481356464081465
220	31	35.62339595110211
221	49	40.0186287660649
222	21	28.486651938633255
223	30	31.880453685336242
224	50	53.76058810792969
225	45	36.70683232268561
226	25	25.227735118201394
227	55	59.79935776578512
228	21	21.916227897704974
229	26	23.820652373712377
230	27	24.016682689621145
231	60	53.13376836196785
232	48	39.44587359729619
233	21	27.38062564795804
234	47	41.066807694828675
235	58	55.82322452888043
236	63	52.832593628243906
